14.544460155818435      4.2783302065092         1.6761261599220147       0.2759571539115913       0.00854258954673276       0.003584047345393192      0.00220516847164981       -0.000539403383543558  
4.2783302065092         5.805305140741703       2.4385005096666514       0.6706594895690281       0.0026811291694232684     0.005890177622529117      0.003666168820956462      0.0005498193207405504  
1.6761261599220147      2.4385005096666514      2.7258358567902805       2.0506647845959947       0.00031552589653973214    0.0017294834670359847     0.0040344213217265125     0.002336353310480079   
0.2759571539115913      0.6706594895690281      2.0506647845959947       8.512994376111312        -0.0016538762272142282    -0.001011053552685705     0.0021088425593415025     0.00703245814032373    
0.00854258954673276     0.0026811291694232684   0.00031552589653973214   -0.0016538762272142282   0.00005200900806633065    0.000023581879644988506   0.00001329855760935974    1.2092894240549348e-7  
0.003584047345393192    0.005890177622529117    0.0017294834670359847    -0.001011053552685705    0.000023581879644988506   0.00003748289361265803    0.0000233027709131061     -1.7854170580715374e-7 
0.00220516847164981     0.003666168820956462    0.0040344213217265125    0.0021088425593415025    0.00001329855760935974    0.0000233027709131061     0.00003950119990423555    0.000017856596419109493
-0.000539403383543558   0.0005498193207405504   0.002336353310480079     0.00703245814032373      1.2092894240549348e-7     -1.7854170580715374e-7    0.000017856596419109493   0.00005315281459113936 