0.022897139953075716     0.013486742325690302     0.006502654223638555     #0.00003240048153579633   0.00001618136104010995   8.118749938665901e-6  
0.013486742325690302     0.03215812548751247      0.01981553270718173      #0.0000258694299774546    0.00003993729555397954   0.00002240600062060267
0.006502654223638555     0.01981553270718173      0.046576461141747225     #0.00001994369718266895   0.00003246192404213184   0.00005360675217519982
#0.00003240048153579633   0.0000258694299774546    0.00001994369718266895   8.821758476913688e-7     4.381270803495946e-7     2.2351318860322552e-7 
#0.00001618136104010995   0.00003993729555397954   0.00003246192404213184   4.381270803495946e-7     9.164302676867557e-7     5.381542633750683e-7  
#8.118749938665901e-6     0.00002240600062060267   0.00005360675217519982   2.2351318860322552e-7    5.381542633750683e-7     1.0642561806355646e-6 